· 6
11
,

1111111111111111111 111111 11111111 1111111111
11111111. 11111111111111111111111111111 pm ¹

1111

’1, 111. Ι
· 1111111 111111 1111 11111 11111111 1111111111
11111111 11111111111111111111 1111111111 11111111

1 1111111111 11 11111 1111111111111111111111, Quonim

111 depingendum 1111111111 1111111111 1111111111
1111111111,111111111111111 11111111 1111111111 iupa·
1111111111111111111 11111 111 11111111 1111111111,
1111111 intelligitur 1111111111 111111 1111111111 &qm
11111111111111, 1111 11111111111111111 1111111111
1111111111111111111111 11111111 111111 1111111111
11111 pamm„

ς’ 29¹0
111111 111111, 11111 1111111111111111111111111
1111111111 [1111111111 11111 1111111111 11111111111141,
graduum, 111111111, 11111111111111, 1111111111·Ι
1111111, 1111111111111111, ’

i. 111,

1111 1111111111 1111111111 espa 1111111111 11
inpiam 111111111111111 11111111111111111111 invio·
11111111, 1111111111, 111111111111111, 1111111111,
1111111, 11111111111, 111111111111111111, 1119111
11111 111111111 1111111111 1111111111 1111 11111111 ,111 111
111111111 11111111 1111111111, 111111111111111111111·
111111 11111111. 1111 11111111111111111111111 111111·

 

